0 1 14.1504 13.1585 3.48383
0 5 18.0283 6.34567 5.79448
0 2 12.5579 0 9.16732
0 6 11.8623 11.8623 4.58524
0 4 8.17795 8.17795 7.21016
0 3 13.9981 7.99343 5.33342
1 2 14.1305 0 5.72597
1 3 8.33356 0 7.42009
1 6 9.36055 9.36055 6.05445
1 5 9.44207 0 7.69531
1 4 16.8869 3.79797 9.23498
2 4 17.0382 0 7.20046
2 5 5.88524 0 8.96958
2 3 9.00876 0 8.48674
3 4 14.4823 0 6.68424
3 6 7.99343 7.99343 9.02767
3 5 6.01159 0 5.36196
4 6 11.9759 11.9759 2.98095
4 5 19.3486 0 8.04928
5 6 6.34567 6.34567 5.66658
