0 1 6.74976
0 2 6.36954
0 3 1.17846
3 4 3.30537
2 5 4.50756
3 6 6.24558
0 7 9.72742
2 8 4.49852
4 9 3.20982
0 10 9.99704
5 11 4.92708
11 6 4.81515
7 2 5.11069
7 8 2.07711
8 3 4.42217
6 9 6.35144
9 5 5.67256
2 1 6.24673
11 3 9.20697
11 10 5.31488
8 9 9.68557
0 5 7.93316
0 4 3.17922
8 10 5.7654
2 9 2.4851
3 2 9.78773
4 7 5.37077
7 5 4.24417
1 6 7.7478
9 11 2.6039
8 5 1.98105
9 10 8.7904
10 5 2.56746
4 8 2.19067
8 6 9.19342
7 11 3.48751
1 9 4.25922
10 4 6.15738
1 5 8.85807
1 7 9.17424
11 8 8.10557
11 4 1.28389
3 10 8.60528
4 5 5.03832
6 2 8.45036
6 7 6.14573
0 8 5.54734
0 9 3.62582
3 1 1.76442
0 6 8.52039
4 1 3.26594
1 8 4.49127
7 10 9.7998
4 2 6.37714
3 5 3.20164
11 0 5.53382
3 9 3.14088
6 5 2.73566
1 11 7.4259
4 6 3.19862
10 6 1.58469
7 9 3.43591
10 2 1.69558
7 3 5.07864
10 1 3.20188
11 2 8.97768
