0 6.74976 6.36954 1.17846 3.17922 7.93316 8.52039 9.72742 5.54734 3.62582 9.99704 5.53382
6.74976 0 6.24673 1.76442 3.26594 8.85807 7.7478 9.17424 4.49127 4.25922 3.20188 7.4259
6.36954 6.24673 0 9.78773 6.37714 4.50756 8.45036 5.11069 4.49852 2.4851 1.69558 8.97768
1.17846 1.76442 9.78773 0 3.30537 3.20164 6.24558 5.07864 4.42217 3.14088 8.60528 9.20697
3.17922 3.26594 6.37714 3.30537 0 5.03832 3.19862 5.37077 2.19067 3.20982 6.15738 1.28389
7.93316 8.85807 4.50756 3.20164 5.03832 0 2.73566 4.24417 1.98105 5.67256 2.56746 4.92708
8.52039 7.7478 8.45036 6.24558 3.19862 2.73566 0 6.14573 9.19342 6.35144 1.58469 4.81515
9.72742 9.17424 5.11069 5.07864 5.37077 4.24417 6.14573 0 2.07711 3.43591 9.7998 3.48751
5.54734 4.49127 4.49852 4.42217 2.19067 1.98105 9.19342 2.07711 0 9.68557 5.7654 8.10557
3.62582 4.25922 2.4851 3.14088 3.20982 5.67256 6.35144 3.43591 9.68557 0 8.7904 2.6039
9.99704 3.20188 1.69558 8.60528 6.15738 2.56746 1.58469 9.7998 5.7654 8.7904 0 5.31488
5.53382 7.4259 8.97768 9.20697 1.28389 4.92708 4.81515 3.48751 8.10557 2.6039 5.31488 0
