4
0 0.00
12
0 1 0.00 17.46
0 5 0.00 9.83
0 3 0.00 16.21
1 2 0.00 11.21
1 6 0.00 15.62
1 3 0.00 13.26
2 3 0.00 9.44
2 4 0.00 6.40
2 6 0.00 12.24
2 5 0.00 9.88
3 6 0.00 7.00
4 5 0.00 14.50
1 15.62
12
0 1 15.62 17.46
0 5 0.00 9.83
0 3 0.00 16.21
1 2 0.00 11.21
1 6 15.62 15.62
1 3 0.00 13.26
2 3 0.00 9.44
2 4 0.00 6.40
2 6 0.00 12.24
2 5 0.00 9.88
3 6 0.00 7.00
4 5 0.00 14.50
2 22.62
12
0 1 15.62 17.46
0 5 0.00 9.83
0 3 7.00 16.21
1 2 0.00 11.21
1 6 15.62 15.62
1 3 0.00 13.26
2 3 0.00 9.44
2 4 0.00 6.40
2 6 0.00 12.24
2 5 0.00 9.88
3 6 7.00 7.00
4 5 0.00 14.50
3 24.46
12
0 1 17.46 17.46
0 5 0.00 9.83
0 3 7.00 16.21
1 2 1.84 11.21
1 6 15.62 15.62
1 3 0.00 13.26
2 3 0.00 9.44
2 4 0.00 6.40
2 6 1.84 12.24
2 5 0.00 9.88
3 6 7.00 7.00
4 5 0.00 14.50
