40.091 43.4175 46.4532 44.2027 43.7066 44.1615 45.7018 45.0822 44.2291 42.7336 45.2354 44.1698
43.4175 43.4247 46.4604 46.4724 45.0614 46.7962 45.7089 47.1013 46.4988 44.9811 45.2426 44.177
46.4532 46.4604 47.4256 48.3702 48.0971 49.8319 48.177 48.7966 47.829 46.3114 48.2783 47.2127
44.2027 46.4724 48.3702 46.0051 46.7614 47.4668 48.189 46.9991 46.0315 44.515 48.2903 47.2246
43.7066 45.0614 48.0971 46.7614 45.3505 47.0853 47.3457 47.3904 46.7878 45.2702 46.8794 45.8137
44.1615 46.7962 49.8319 47.4668 47.0853 47.4256 49.0804 48.4608 47.4932 45.9767 48.6141 47.5485
45.7018 45.7089 48.177 48.189 47.3457 49.0804 47.4256 48.818 48.2154 46.6978 47.5268 46.4612
45.0822 47.1013 48.7966 46.9991 47.3904 48.4608 48.818 47.4256 46.4579 44.9415 48.9192 47.8536
44.2291 46.4988 47.829 46.0315 46.7878 47.4932 48.2154 46.4579 44.412 43.2809 48.3167 47.251
42.7336 44.9811 46.3114 44.515 45.2702 45.9767 46.6978 44.9415 43.2809 41.7644 46.7991 45.7334
45.2354 45.2426 48.2783 48.2903 46.8794 48.6141 47.5268 48.9192 48.3167 46.7991 47.0605 45.9949
44.1698 44.177 47.2127 47.2246 45.8137 47.5485 46.4612 47.8536 47.251 45.7334 45.9949 44.9293
